208 Fantasy,February-2019,269.50,115.85,150.86,489.72,19.60,0.00
209 Ecstasy,February-2019,236.81,115.85,155.50,489.72,18.55,0.00
210 Sensation,February-2019,270.66,98.30,145.38,415.52,38.27,0.00
211 Fascination,February-2019,69.60,100.21,155.48,423.60,23.29,0.00
212 Imagination,February-2019,624.39,112.34,238.84,474.88,0.00,0.00
213 Inspiration,February-2019,201.15,112.23,-95.64,474.42,16.41,0.00
215 Elation,February-2019,29.62,101.84,437.95,430.47,-123.57,0.00
216 Paradise,February-2019,70.72,97.92,163.38,413.93,20.00,0.00
217 Carnival Triumph,February-2019,184.32,131.67,4824.39,556.58,-2377.58,0.00
218 Carnival Victory,February-2019,272.49,151.02,549.58,638.41,29.40,0.00
220 Carnival Pride,February-2019,0.00,101.55,114.65,429.26,36.90,0.00
221 Carnival Legend,February-2019,57.89,101.36,54.90,428.45,4.42,0.00
224 Carnival Miracle,February-2019,29.90,101.55,46.21,429.26,35.48,0.00
222 Carnival Conquest,February-2019,355.31,167.92,118.49,709.80,19.60,0.00
223 Carnival Glory,February-2019,292.19,142.47,76.74,602.26,20.00,0.00
225 Carnival Valor,February-2019,0.00,167.92,-122.12,709.80,57.66,0.00
226 Carnival Liberty,February-2019,163.07,162.50,72.71,686.91,29.40,0.00
227 Carnival Freedom,February-2019,533.55,142.47,135.25,602.26,20.00,0.00
228 Carnival Splendor,February-2019,150.17,174.86,69.44,739.17,-248.94,0.00
229 Carnival Dream,February-2019,113.06,174.32,56.60,736.86,9.27,0.00
230 Carnival Magic,February-2019,85.85,176.42,127.94,745.75,0.00,0.00
231 Carnival Breeze,February-2019,62.74,176.42,18.34,745.75,0.00,0.00
232 Carnival Vista,February-2019,43.37,188.08,424.56,795.06,13.58,0.00
233 Carnival Horizon,February-2019,171.39,189.42,376.60,800.72,52.29,0.00
244 Carnival Sunshine,February-2019,378.80,174.28,311.20,736.71,51.24,0.00
249 Carnival Spirit - Australia,February-2019,64.59,134.19,726.63,567.24,-47.67,0.00
Total,February-2019,4731.14,3612.95,9333.86,15272.51,-2282.40,0.00